1
0
16
23
110
8
7
161
7
164
9
1
1
32
9
2
8
7
162
7
165
9
1
1
32
9
2
8
7
163
7
166
9
1
1
1
16
23
110
2
161
21
58
14
26
15
7
161
22
58
2
164
9
1
1
32
9
2
2
162
21
77
14
26
15
7
162
22
77
2
165
9
1
1
32
9
2
2
163
21
96
14
26
15
7
163
22
96
2
166
9
1
1
32
9
2
2
161
22
39
2
162
22
39
2
163
22
39
50
.110
1
0
14
17
21
120
4
145
20
122
4
130
9
2
25
22
113
24
.130
73
110
105
116
105
97
108
32
76
105
115
116
58
32
0
.145
10
83
111
114
116
101
100
32
32
76
105
115
116
58
32
0
.1000
30